NACA 0025 Airfoil M=0.0% P=0.0% T=25.0%
  1.000000  0.002625
  0.998459  0.003075
  0.993844  0.004418
  0.986185  0.006629
  0.975528  0.009672
  0.961940  0.013495
  0.945503  0.018037
  0.926320  0.023227
  0.904508  0.028988
  0.880203  0.035238
  0.853553  0.041890
  0.824724  0.048858
  0.793893  0.056052
  0.761249  0.063382
  0.726995  0.070755
  0.691342  0.078075
  0.654508  0.085245
  0.616723  0.092160
  0.578217  0.098715
  0.539230  0.104797
  0.500000  0.110292
  0.460770  0.115085
  0.421783  0.119059
  0.383277  0.122103
  0.345492  0.124114
  0.308658  0.125000
  0.273005  0.124684
  0.238751  0.123108
  0.206107  0.120238
  0.175276  0.116061
  0.146447  0.110590
  0.119797  0.103862
  0.095492  0.095935
  0.073680  0.086886
  0.054497  0.076805
  0.038060  0.065791
  0.024472  0.053944
  0.013815  0.041362
  0.006156  0.028132
  0.001541  0.014326
  0.000000  0.000000
  0.001541 -0.014326
  0.006156 -0.028132
  0.013815 -0.041362
  0.024472 -0.053944
  0.038060 -0.065791
  0.054497 -0.076805
  0.073680 -0.086886
  0.095492 -0.095935
  0.119797 -0.103862
  0.146447 -0.110590
  0.175276 -0.116061
  0.206107 -0.120238
  0.238751 -0.123108
  0.273005 -0.124684
  0.308658 -0.125000
  0.345492 -0.124114
  0.383277 -0.122103
  0.421783 -0.119059
  0.460770 -0.115085
  0.500000 -0.110292
  0.539230 -0.104797
  0.578217 -0.098715
  0.616723 -0.092160
  0.654508 -0.085245
  0.691342 -0.078075
  0.726995 -0.070755
  0.761249 -0.063382
  0.793893 -0.056052
  0.824724 -0.048858
  0.853553 -0.041890
  0.880203 -0.035238
  0.904508 -0.028988
  0.926320 -0.023227
  0.945503 -0.018037
  0.961940 -0.013495
  0.975528 -0.009672
  0.986185 -0.006629
  0.993844 -0.004418
  0.998459 -0.003075
  1.000000 -0.002625